Material:
  AlbedoColor: [0.184702083, 0.394978911, 0.810810804]
  Emission: 0
  UseNormalMap: false
  Metalness: 0
  Roughness: 0.400000006
  AlbedoMap: 0
  NormalMap: 0
  MetalnessMap: 0
  RoughnessMap: 0