StaticFriction: 0.100000001
DynamicFriction: 0.100000001
Bounciness: 1