StaticFriction: 0.600000024
DynamicFriction: 0.600000024
Bounciness: 0