StaticFriction: 0.200000003
DynamicFriction: 0.300000012
Bounciness: 0